{
  "mae": 62096.319381814814,
  "mse": 327793604739.83215,
  "rmse": 572532.6232974259,
  "r2": 0.06956061382178325,
  "mape": 66.61009490596815
}