{
  "mae": 62031.083706979465,
  "mse": 326815403285.73267,
  "rmse": 571677.7092783421,
  "r2": 0.07233723041024098,
  "mape": 66.51460319465478
}